баттерворд.dag 
.AC LOG 5 1000 
E1 0 1 1 
U1 21 0 
c1 2 0 1 
c10 11 0 1 
c11 12 0 1 
c12 13 0 1 
c13 14 0 1 
c14 15 0 1 
c15 16 0 1 
c16 17 0 1 
c17 18 0 1 
c18 19 0 1 
c19 20 0 1 
c2 3 0 1 
c20 21 0 1 
c3 4 0 1 
c4 5 0 1 
c5 6 0 1 
c6 7 0 1 
c7 8 0 1 
c8 9 0 1 
c9 10 0 1 
g1 1 2 1 
g10 10 11 1 
g11 11 12 1 
g12 12 13 1 
g13 13 14 1 
g14 14 15 1 
g15 15 16 1 
g16 16 17 1 
g17 17 18 1 
g18 18 19 1 
g19 19 20 1 
g2 2 3 1 
g20 20 21 1 
g3 3 4 1 
g4 4 5 1 
g5 5 6 1 
g6 6 7 1 
g7 7 8 1 
g8 8 9 1 
g9 9 10 1 
.END 
.total
